{
 "cells": [
  {
   "cell_type": "code",
   "execution_count": 1,
   "id": "4ee1df5d-f270-4aa4-94c0-42eed591b567",
   "metadata": {},
   "outputs": [],
   "source": [
    "import pandas as pd \n",
    "import matplotlib.pyplot as plt\n",
    "import seaborn as sns\n",
    "import statsmodels.formula.api as smf\n",
    "from statsmodels.graphics.regressionplots import influence_plot\n",
    "import numpy as np"
   ]
  },
  {
   "cell_type": "code",
   "execution_count": 3,
   "id": "d7ed0f2d-0f32-4037-b53e-7682a5319ad5",
   "metadata": {},
   "outputs": [
    {
     "data": {
      "text/html": [
       "<div>\n",
       "<style scoped>\n",
       "    .dataframe tbody tr th:only-of-type {\n",
       "        vertical-align: middle;\n",
       "    }\n",
       "\n",
       "    .dataframe tbody tr th {\n",
       "        vertical-align: top;\n",
       "    }\n",
       "\n",
       "    .dataframe thead th {\n",
       "        text-align: right;\n",
       "    }\n",
       "</style>\n",
       "<table border=\"1\" class=\"dataframe\">\n",
       "  <thead>\n",
       "    <tr style=\"text-align: right;\">\n",
       "      <th></th>\n",
       "      <th>HP</th>\n",
       "      <th>MPG</th>\n",
       "      <th>VOL</th>\n",
       "      <th>SP</th>\n",
       "      <th>WT</th>\n",
       "    </tr>\n",
       "  </thead>\n",
       "  <tbody>\n",
       "    <tr>\n",
       "      <th>0</th>\n",
       "      <td>49</td>\n",
       "      <td>53.700681</td>\n",
       "      <td>89</td>\n",
       "      <td>104.185353</td>\n",
       "      <td>28.762059</td>\n",
       "    </tr>\n",
       "    <tr>\n",
       "      <th>1</th>\n",
       "      <td>55</td>\n",
       "      <td>50.013401</td>\n",
       "      <td>92</td>\n",
       "      <td>105.461264</td>\n",
       "      <td>30.466833</td>\n",
       "    </tr>\n",
       "    <tr>\n",
       "      <th>2</th>\n",
       "      <td>55</td>\n",
       "      <td>50.013401</td>\n",
       "      <td>92</td>\n",
       "      <td>105.461264</td>\n",
       "      <td>30.193597</td>\n",
       "    </tr>\n",
       "    <tr>\n",
       "      <th>3</th>\n",
       "      <td>70</td>\n",
       "      <td>45.696322</td>\n",
       "      <td>92</td>\n",
       "      <td>113.461264</td>\n",
       "      <td>30.632114</td>\n",
       "    </tr>\n",
       "    <tr>\n",
       "      <th>4</th>\n",
       "      <td>53</td>\n",
       "      <td>50.504232</td>\n",
       "      <td>92</td>\n",
       "      <td>104.461264</td>\n",
       "      <td>29.889149</td>\n",
       "    </tr>\n",
       "  </tbody>\n",
       "</table>\n",
       "</div>"
      ],
      "text/plain": [
       "   HP        MPG  VOL          SP         WT\n",
       "0  49  53.700681   89  104.185353  28.762059\n",
       "1  55  50.013401   92  105.461264  30.466833\n",
       "2  55  50.013401   92  105.461264  30.193597\n",
       "3  70  45.696322   92  113.461264  30.632114\n",
       "4  53  50.504232   92  104.461264  29.889149"
      ]
     },
     "execution_count": 3,
     "metadata": {},
     "output_type": "execute_result"
    }
   ],
   "source": [
    "cars = pd.read_csv(\"Cars.csv\")\n",
    "cars.head()"
   ]
  },
  {
   "cell_type": "code",
   "execution_count": 5,
   "id": "a67ebe26-bedb-4aeb-991f-850f663cc5e0",
   "metadata": {},
   "outputs": [
    {
     "data": {
      "text/html": [
       "<div>\n",
       "<style scoped>\n",
       "    .dataframe tbody tr th:only-of-type {\n",
       "        vertical-align: middle;\n",
       "    }\n",
       "\n",
       "    .dataframe tbody tr th {\n",
       "        vertical-align: top;\n",
       "    }\n",
       "\n",
       "    .dataframe thead th {\n",
       "        text-align: right;\n",
       "    }\n",
       "</style>\n",
       "<table border=\"1\" class=\"dataframe\">\n",
       "  <thead>\n",
       "    <tr style=\"text-align: right;\">\n",
       "      <th></th>\n",
       "      <th>HP</th>\n",
       "      <th>VOL</th>\n",
       "      <th>SP</th>\n",
       "      <th>WT</th>\n",
       "      <th>MPG</th>\n",
       "    </tr>\n",
       "  </thead>\n",
       "  <tbody>\n",
       "    <tr>\n",
       "      <th>0</th>\n",
       "      <td>49</td>\n",
       "      <td>89</td>\n",
       "      <td>104.185353</td>\n",
       "      <td>28.762059</td>\n",
       "      <td>53.700681</td>\n",
       "    </tr>\n",
       "    <tr>\n",
       "      <th>1</th>\n",
       "      <td>55</td>\n",
       "      <td>92</td>\n",
       "      <td>105.461264</td>\n",
       "      <td>30.466833</td>\n",
       "      <td>50.013401</td>\n",
       "    </tr>\n",
       "    <tr>\n",
       "      <th>2</th>\n",
       "      <td>55</td>\n",
       "      <td>92</td>\n",
       "      <td>105.461264</td>\n",
       "      <td>30.193597</td>\n",
       "      <td>50.013401</td>\n",
       "    </tr>\n",
       "    <tr>\n",
       "      <th>3</th>\n",
       "      <td>70</td>\n",
       "      <td>92</td>\n",
       "      <td>113.461264</td>\n",
       "      <td>30.632114</td>\n",
       "      <td>45.696322</td>\n",
       "    </tr>\n",
       "    <tr>\n",
       "      <th>4</th>\n",
       "      <td>53</td>\n",
       "      <td>92</td>\n",
       "      <td>104.461264</td>\n",
       "      <td>29.889149</td>\n",
       "      <td>50.504232</td>\n",
       "    </tr>\n",
       "  </tbody>\n",
       "</table>\n",
       "</div>"
      ],
      "text/plain": [
       "   HP  VOL          SP         WT        MPG\n",
       "0  49   89  104.185353  28.762059  53.700681\n",
       "1  55   92  105.461264  30.466833  50.013401\n",
       "2  55   92  105.461264  30.193597  50.013401\n",
       "3  70   92  113.461264  30.632114  45.696322\n",
       "4  53   92  104.461264  29.889149  50.504232"
      ]
     },
     "execution_count": 5,
     "metadata": {},
     "output_type": "execute_result"
    }
   ],
   "source": [
    "cars=pd.DataFrame(cars, columns=[\"HP\",\"VOL\",\"SP\",\"WT\",\"MPG\"])\n",
    "cars.head()"
   ]
  },
  {
   "cell_type": "code",
   "execution_count": 7,
   "id": "22febbb5-f47a-4b54-9a31-b73fafa2efb3",
   "metadata": {},
   "outputs": [
    {
     "ename": "NameError",
     "evalue": "name 'yeuie' is not defined",
     "output_type": "error",
     "traceback": [
      "\u001b[1;31m---------------------------------------------------------------------------\u001b[0m",
      "\u001b[1;31mNameError\u001b[0m                                 Traceback (most recent call last)",
      "Cell \u001b[1;32mIn[7], line 2\u001b[0m\n\u001b[0;32m      1\u001b[0m \u001b[38;5;66;03m#### observations\u001b[39;00m\n\u001b[1;32m----> 2\u001b[0m \u001b[38;5;241m-\u001b[39myeuie\n",
      "\u001b[1;31mNameError\u001b[0m: name 'yeuie' is not defined"
     ]
    }
   ],
   "source": [
    " observations\n",
    "- yeuie"
   ]
  },
  {
   "cell_type": "code",
   "execution_count": null,
   "id": "60ede582-1ef5-4f00-9559-10bfec621b5f",
   "metadata": {},
   "outputs": [],
   "source": []
  }
 ],
 "metadata": {
  "kernelspec": {
   "display_name": "Python [conda env:base] *",
   "language": "python",
   "name": "conda-base-py"
  },
  "language_info": {
   "codemirror_mode": {
    "name": "ipython",
    "version": 3
   },
   "file_extension": ".py",
   "mimetype": "text/x-python",
   "name": "python",
   "nbconvert_exporter": "python",
   "pygments_lexer": "ipython3",
   "version": "3.12.7"
  }
 },
 "nbformat": 4,
 "nbformat_minor": 5
}
